0.05 0
0.1 0
0.15 0
0.2 0
0.25 0
0.3 0
0.35 0
0.4 0
0.45 0
0.5 0
0.55 0
0.6 0
0.65 0
0.7 0
0.75 0
0.8 0
0.85 0
0.9 0
0.95 0
1 0
1.05 0
1.1 0
1.15 0
1.2 0
1.25 0
1.3 0
1.35 0
1.4 0
1.45 0
1.5 0
1.55 0
1.6 0
1.65 0
1.7 0
1.75 0
1.8 0
1.85 0
1.9 0
1.95 0
2 0
2.05 0
2.1 0
2.15 0
2.2 0
2.25 0
2.3 0
2.35 0
2.4 0
2.45 0
2.5 0
2.55 0
2.6 0
2.65 0
2.7 0
2.75 0
2.8 0
2.85 0
2.9 0
2.95 0
3 0
3.05 0
3.1 0
3.15 0
3.2 0
3.25 0
3.3 0.0002861263180234535
3.35 0.002498840760033742
3.4 0.01275836262010115
3.45 0.04267122397260167
3.5 0.1134447640049659
3.55 0.2581246490632434
3.6 0.4665057800068453
3.65 0.7587966864747494
3.7 1.112155023823087
3.75 1.470084365454073
3.8 1.8664564632824
3.85 2.140551860321743
3.9 2.430864861832084
3.95 2.604900784527479
4 2.694877507382818
4.05 2.723857655651983
4.1 2.742537098603719
4.15 2.676488128687586
4.2 2.586233502612794
4.25 2.473296644578211
4.3 2.349884576019833
4.35 2.205113726093033
4.4 2.09782451506333
4.45 1.962779004431634
4.5 1.843903966053513
4.55 1.72217582278525
4.6 1.602281553839306
4.65 1.501768765881256
4.7 1.404724529401782
4.75 1.320250555891984
4.8 1.239694431280002
4.85 1.155362563153071
4.9 1.109712383323949
4.95 1.05192751230667
5 0.9812641417834915
5.05 0.948733836268348
5.1 0.8937642321223912
5.15 0.861886907499776
5.2 0.8326777422066602
5.25 0.7950742653183108
5.3 0.7640223580215943
5.35 0.740119540506073
5.4 0.7149010296449554
5.45 0.7004450293096506
5.5 0.6700162763891604
5.55 0.6637305709479548
5.6 0.6586213614661435
5.65 0.6441852719267996
5.7 0.6316226581462553
5.75 0.6293874642633678
5.8 0.6329087787509174
5.85 0.6240177341314989
5.9 0.625361248003919
5.95 0.6286839955990745
6 0.6337137613513365
6.05 0.6413296773865855
6.1 0.6469928134759534
6.15 0.6551063752328916
6.2 0.667198265623306
6.25 0.6726522276835095
6.3 0.6930014025862042
6.35 0.6993632549612963
6.4 0.7295066405487483
6.45 0.7461020996645679
6.5 0.7681746017447727
6.55 0.7764641621028469
6.6 0.8066139343679508
6.65 0.8238178581829628
6.7 0.863997330196111
6.75 0.8883565143823878
6.8 0.9036874030491366
6.85 0.9343707137333656
6.9 0.965752767915697
6.95 0.9969983807702677
7 1.012948128226702
7.05 1.039693838403577
7.1 1.071913702707155
7.15 1.098948544488044
7.2 1.117918871630388
7.25 1.131659050968419
7.3 1.162148618730861
7.35 1.186592495120562
7.4 1.195401636817827
7.45 1.225856393398268
7.5 1.239589701894447
7.55 1.247878578459539
7.6 1.253001587903011
7.65 1.266882558039548
7.7 1.276970078713447
7.75 1.28849108576152
7.8 1.290530572154309
7.85 1.290155164389177
7.9 1.283112177602595
7.95 1.27382662643772
8 1.275886295905778
8.050000000000001 1.257617724681429
8.1 1.255025520053199
8.15 1.22818058711864
8.199999999999999 1.213974435737743
8.25 1.199563605716673
8.300000000000001 1.175957735637854
8.35 1.161901678361466
8.4 1.145961572328958
8.449999999999999 1.126985176893272
8.5 1.100338694836938
8.550000000000001 1.084437943689107
8.6 1.068929817804734
8.65 1.051943824080607
8.699999999999999 1.023173537354227
8.75 1.012748031333539
8.800000000000001 0.9908777929338145
8.85 0.9793284913951457
8.9 0.9557677411216785
8.949999999999999 0.9502921825097069
9 0.9306842403347011
9.050000000000001 0.9175755294022176
9.1 0.9064789614600633
9.15 0.8981870886668967
9.199999999999999 0.8867450115149952
9.25 0.8823920959053038
9.300000000000001 0.8672974012400528
9.35 0.8507277977185081
9.4 0.8328973589153672
9.449999999999999 0.8211178917769897
9.5 0.807030772593492
9.550000000000001 0.7937395199952096
9.6 0.7837573593539676
9.65 0.773314334836719
9.699999999999999 0.7586951479545073
9.75 0.7549652501274685
9.800000000000001 0.744772177741106
9.85 0.7353568317321387
9.9 0.7276086294626042
9.949999999999999 0.7247835336410187
10 0.7157465868430497
10.05 0.709886725051067
10.1 0.70772204577352
10.15 0.6970363719733016
10.2 0.6958898146787097
10.25 0.6871597943067868
10.3 0.6867702380185582
10.35 0.6823905346947754
10.4 0.6733481327097867
10.45 0.6710763862863426
10.5 0.6670084853910972
10.55 0.6646670729902667
10.6 0.6528651101000719
10.65 0.6465478518202888
10.7 0.6391496139784133
10.75 0.6332717891668586
10.8 0.6238153509015165
10.85 0.6138089275923561
10.9 0.6042304370204238
10.95 0.5964034369189185
11 0.5852942736224158
11.05 0.5789291784725155
11.1 0.5644019624654342
11.15 0.5530187840999969
11.2 0.5407146911041063
11.25 0.5288531995967133
11.3 0.5185221290155778
11.35 0.5028938263597852
11.4 0.4863603158739309
11.45 0.4727497741442852
11.5 0.4644540210765075
11.55 0.4468008438751542
11.6 0.4364273288862337
11.65 0.4215469334031469
11.7 0.4088695547015979
11.75 0.3959258120652638
11.8 0.3824329145464112
11.85 0.3697966648302025
11.9 0.3545790643898649
11.95 0.3429483669768668
12 0.3307775221440051
12.05 0.3190468108397881
12.1 0.3059234216142994
12.15 0.2917665083850765
12.2 0.2838391721831658
12.25 0.2739894712120179
12.3 0.2591344445793587
12.35 0.2487053159650204
12.4 0.2399825130887214
12.45 0.2291735714964216
12.5 0.2190812724325352
12.55 0.2102039137368336
12.6 0.1983723711315128
12.65 0.1919328850723223
12.7 0.1823815523094346
12.75 0.1750631039953785
12.8 0.1650956015138783
12.85 0.1593599132138916
12.9 0.15234738289035
12.95 0.1415673565980815
13 0.1350107178949786
13.05 0.126726678156926
13.1 0.1190067566132594
13.15 0.1139770985802968
13.2 0.1066058973235717
13.25 0.1027383227558671
13.3 0.09641858428286029
13.35 0.091414294216458
13.4 0.08749991707645928
13.45 0.08309567589577256
13.5 0.08041256362545222
13.55 0.07449131804474442
13.6 0.07205779451634595
13.65 0.06807472947389476
13.7 0.06404817729999748
13.75 0.06091881101879185
13.8 0.05784394190355487
13.85 0.05431908028178636
13.9 0.05147768027356298
13.95 0.04834997743275295
14 0.04602864443886087
14.05 0.0432023961508329
14.1 0.04138672335252717
14.15 0.03823648509656846
14.2 0.0353149463996168
14.25 0.03362516331331902
14.3 0.03117083811319409
14.35 0.02959720729889496
14.4 0.02771405773039292
14.45 0.02523443581920099
14.5 0.02339591961492244
14.55 0.0220726480149204
14.6 0.02028941104028085
14.65 0.01849124784232056
14.7 0.0168275880837725
14.75 0.0156252291786198
14.8 0.0140925571781935
14.85 0.01286744198913703
14.9 0.01163503461607726
14.95 0.01060468288076491
15 0.009537009831654803
15.05 0.008630005063026259
15.1 0.007766671203872009
15.15 0.006873800755009993
15.2 0.005898085860308943
15.25 0.004948396650977912
15.3 0.004760814846589648
15.35 0.003795341184055182
15.4 0.003367823549388301
15.45 0.002697734172635747
15.5 0.002308565982863777
15.55 0.002001656546322364
15.6 0.001472428888793031
15.65 0.001208594483198415
15.7 0.001066069817069899
15.75 0.0007076035769930884
15.8 0.0004451783495573207
15.85 0.000372090350578719
15.9 0.0002136355515608839
15.95 0.0001306450726765828
16 6.897209017666918e-05
