0.05 0
0.1 0
0.15 0
0.2 0
0.25 0
0.3 0
0.35 0
0.4 0
0.45 0
0.5 0
0.55 0
0.6 0
0.65 0
0.7 0
0.75 0
0.8 0
0.85 0
0.9 0
0.95 0
1 0
1.05 0
1.1 0
1.15 0
1.2 0
1.25 0
1.3 0
1.35 0
1.4 0
1.45 0
1.5 0
1.55 0
1.6 0
1.65 0
1.7 0
1.75 0
1.8 0
1.85 0
1.9 0
1.95 0
2 0
2.05 0
2.1 0
2.15 0
2.2 0
2.25 0
2.3 0
2.35 0
2.4 0
2.45 0
2.5 0
2.55 0
2.6 0
2.65 0
2.7 0
2.75 0
2.8 0
2.85 0
2.9 0
2.95 0
3 0
3.05 0
3.1 0
3.15 0
3.2 0
3.25 3.919140125779329e-05
3.3 0.0003706246064194725
3.35 0.00258205767921416
3.4 0.0119425073637063
3.45 0.04158720306199888
3.5 0.1136867067049936
3.55 0.248777885943661
3.6 0.4688502902597688
3.65 0.7642592139172577
3.7 1.110304126068056
3.75 1.493233538893245
3.8 1.847514995322889
3.85 2.166607448018807
3.9 2.425934129731968
3.95 2.597661815260051
4 2.700598513590883
4.05 2.737764846786207
4.1 2.727974961676253
4.15 2.670742739893246
4.2 2.574854233873595
4.25 2.478483879048669
4.3 2.33947382657045
4.35 2.219677649470213
4.4 2.095091008315336
4.45 1.959384118962317
4.5 1.832377515096486
4.55 1.716793329026655
4.6 1.607104552532998
4.65 1.50281204401109
4.7 1.406388351911619
4.75 1.321165043285711
4.8 1.236972542330742
4.85 1.169609556036826
4.9 1.110211440905701
4.95 1.045250086589919
5 0.9860962922302582
5.05 0.9427807618307295
5.1 0.8964141917395334
5.15 0.859071618226279
5.2 0.8225563248948902
5.25 0.7918090963007824
5.3 0.7602355105388936
5.35 0.736629668976501
5.4 0.714338657618024
5.45 0.693563669494775
5.5 0.6824989406127345
5.55 0.667011502721631
5.6 0.6533816260597527
5.65 0.646572526720965
5.7 0.63621537345861
5.75 0.6326861269047994
5.8 0.631675368341444
5.85 0.6283415839157455
5.9 0.6268758253992447
5.95 0.6308309877503178
6 0.632587114930125
6.05 0.6385506187834661
6.1 0.6444207397676308
6.15 0.6560414291957208
6.2 0.66341696266062
6.25 0.6780346625412155
6.3 0.691608551668291
6.35 0.7087892728725321
6.4 0.7266772372293141
6.45 0.7432483890313176
6.5 0.7683841635977166
6.55 0.7873208751506922
6.6 0.8106914347686551
6.65 0.832624507388083
6.7 0.8593549038153155
6.75 0.8816455962569124
6.8 0.9115159031168273
6.85 0.9370289828526862
6.9 0.9621442447905375
6.95 0.9866116295175529
7 1.017507430007393
7.05 1.041311068890791
7.1 1.065045680469403
7.15 1.092314556915814
7.2 1.115801245587643
7.25 1.138776589235018
7.3 1.158433176328229
7.35 1.182479969836757
7.4 1.200602562057046
7.45 1.219526603343262
7.5 1.236784909584884
7.55 1.248515107930297
7.6 1.260369877829323
7.65 1.270548210072414
7.7 1.277806586533114
7.75 1.284198714767946
7.8 1.285096933743392
7.85 1.289384838665581
7.9 1.283757646502443
7.95 1.278595301802797
8 1.269305556808171
8.050000000000001 1.260126481878528
8.1 1.248224775197205
8.15 1.232022840364556
8.199999999999999 1.219155638182766
8.25 1.201746675101026
8.300000000000001 1.18178614620306
8.35 1.164165000527028
8.4 1.141689257306977
8.449999999999999 1.124417825088099
8.5 1.103742644881513
8.550000000000001 1.08501728114252
8.6 1.066406635787078
8.65 1.046434688052686
8.699999999999999 1.027472215181365
8.75 1.00968326365919
8.800000000000001 0.9905111882221985
8.85 0.9733451473387709
8.9 0.9608650435643922
8.949999999999999 0.9443129588106268
9 0.9296539296272638
9.050000000000001 0.9190914669483089
9.1 0.9095941815837364
9.15 0.8978052513903978
9.199999999999999 0.8885926668473512
9.25 0.8793520988056533
9.300000000000001 0.8693178588058249
9.35 0.8493946516283613
9.4 0.8364577821691506
9.449999999999999 0.8206290729513305
9.5 0.8053982843873644
9.550000000000001 0.7933909268818683
9.6 0.7821081720565409
9.65 0.7707215492402184
9.699999999999999 0.7603150652989612
9.75 0.7530780162689872
9.800000000000001 0.7439562757200656
9.85 0.7342583413974898
9.9 0.7282456742974753
9.949999999999999 0.7224764130807504
10 0.7154021777965212
10.05 0.7117698149269626
10.1 0.7067233926019575
10.15 0.7000379250742098
10.2 0.6951929892481533
10.25 0.6915408432127764
10.3 0.6858732685686647
10.35 0.681922121544811
10.4 0.6770630318319314
10.45 0.6709311503932871
10.5 0.6669567560448414
10.55 0.6611928788087281
10.6 0.6535247855723266
10.65 0.6459429234639725
10.7 0.6390777251169049
10.75 0.632774996076986
10.8 0.6230051879760109
10.85 0.6142127732049427
10.9 0.6045385798516992
10.95 0.5967249009199115
11 0.5862525769550661
11.05 0.5755550532164451
11.1 0.5648933412199942
11.15 0.5527610717575944
11.2 0.539470251460248
11.25 0.527575739929362
11.3 0.5150961553232634
11.35 0.5029930548320928
11.4 0.4897768372322943
11.45 0.47689887366096
11.5 0.4618994044927071
11.55 0.449017819874
11.6 0.4360192066992603
11.65 0.4213379872280463
11.7 0.4083828683842556
11.75 0.395686504299481
11.8 0.3822180443557283
11.85 0.3697236407946214
11.9 0.3554681854013522
11.95 0.3430097574129157
12 0.3307124167424641
12.05 0.3188799210065474
12.1 0.3058494153529572
12.15 0.2949724647696557
12.2 0.28310201896802
12.25 0.2714158421706666
12.3 0.2608347764537423
12.35 0.2505935922218142
12.4 0.2391209225708848
12.45 0.229446525950462
12.5 0.2195540118163794
12.55 0.2097589839555966
12.6 0.2006415224698154
12.65 0.1913748745672089
12.7 0.1824003608067066
12.75 0.1747050960283693
12.8 0.1665494655714031
12.85 0.1583503997911713
12.9 0.150162503193884
12.95 0.142302207866006
13 0.1352042106829403
13.05 0.1277821928125117
13.1 0.1197601432306259
13.15 0.1135265190074567
13.2 0.1074757903144391
13.25 0.1016420829652291
13.3 0.09652592364649307
13.35 0.0920588672186404
13.4 0.0873461699296665
13.45 0.08293084937706299
13.5 0.07877830504124264
13.55 0.07535882137584538
13.6 0.07120406681458656
13.65 0.06793565021601408
13.7 0.0641996226679982
13.75 0.06138692988778066
13.8 0.05770300504305992
13.85 0.05468723931432871
13.9 0.05146850996590147
13.95 0.04869435378630023
14 0.04583277848941796
14.05 0.04286960616295022
14.1 0.04062446808089058
14.15 0.03851899718695259
14.2 0.03579749131209455
14.25 0.03354330695311838
14.3 0.03145332629354149
14.35 0.02931622406620472
14.4 0.02735971500838868
14.45 0.02541169394726521
14.5 0.02360453302591064
14.55 0.0217736630987581
14.6 0.01991338613484667
14.65 0.01850614358637778
14.7 0.01707445107953002
14.75 0.01553280428164069
14.8 0.01425819485807735
14.85 0.01289759551532303
14.9 0.01178145602540567
14.95 0.01064752211629202
15 0.009634669839086271
15.05 0.008641873545331554
15.1 0.007658816644230013
15.15 0.006709268738018463
15.2 0.006036755336803579
15.25 0.005249193698000611
15.3 0.004580094259832943
15.35 0.00400259946411392
15.4 0.003418968357099568
15.45 0.002841062074048239
15.5 0.002401049371309106
15.55 0.001970052094312908
15.6 0.001652961986643257
15.65 0.001328468851033927
15.7 0.0009711221282726749
15.75 0.0007405165402057535
15.8 0.000525657181236921
15.85 0.000353036664359406
15.9 0.0002288311175033245
15.95 0.0001139027419344578
16 4.568104185913564e-05
16.05 1.406097684658578e-05
