0.000000E+00 3.232160E+01
1.000000E-01 2.179824E+02
2.000000E-01 5.484672E+02
3.000000E-01 9.636064E+02
4.000000E-01 1.409003E+03
5.000000E-01 1.824227E+03
6.000000E-01 2.187659E+03
7.000000E-01 2.466678E+03
8.000000E-01 2.671835E+03
9.000000E-01 2.792165E+03
1.000000E+00 2.844840E+03
1.100000E+00 2.848099E+03
1.200000E+00 2.821054E+03
1.300000E+00 2.784275E+03
1.400000E+00 2.746550E+03
1.500000E+00 2.729304E+03
1.600000E+00 2.721565E+03
1.700000E+00 2.742480E+03
1.800000E+00 2.781490E+03
1.900000E+00 2.827744E+03
2.000000E+00 2.876029E+03
2.100000E+00 2.915227E+03
2.200000E+00 2.923806E+03
2.300000E+00 2.904482E+03
2.400000E+00 2.847882E+03
2.500000E+00 2.748883E+03
2.600000E+00 2.614790E+03
2.700000E+00 2.453485E+03
2.800000E+00 2.256795E+03
2.900000E+00 2.040434E+03
3.000000E+00 1.814464E+03
3.100000E+00 1.591334E+03
3.200000E+00 1.366040E+03
3.300000E+00 1.157888E+03
3.400000E+00 9.636112E+02
3.500000E+00 7.914384E+02
3.600000E+00 6.373232E+02
3.700000E+00 5.070704E+02
3.800000E+00 3.980992E+02
3.900000E+00 3.095264E+02
4.000000E+00 2.355248E+02
4.100000E+00 1.771952E+02
4.200000E+00 1.320256E+02
4.300000E+00 9.677120E+01
4.400000E+00 6.987840E+01
4.500000E+00 5.115200E+01
4.600000E+00 3.661120E+01
4.700000E+00 2.629280E+01
4.800000E+00 1.869760E+01
4.900000E+00 1.341440E+01
5.000000E+00 9.451200E+00
5.100000E+00 6.899200E+00
5.200000E+00 5.257600E+00
5.300000E+00 4.260800E+00
5.400000E+00 3.148800E+00
5.500000E+00 2.408000E+00
5.600000E+00 2.049600E+00
5.700000E+00 1.752000E+00
5.800000E+00 1.536000E+00
5.900000E+00 1.337600E+00
6.000000E+00 1.238400E+00
6.100000E+00 1.073600E+00
6.200000E+00 1.051200E+00
6.300000E+00 9.648000E-01
6.400000E+00 8.848000E-01
6.500000E+00 8.976000E-01
6.600000E+00 7.248000E-01
6.700000E+00 7.408000E-01
6.800000E+00 6.672000E-01
6.900000E+00 6.816000E-01
7.000000E+00 6.672000E-01
7.100000E+00 5.920000E-01
7.200000E+00 5.648000E-01
7.300000E+00 5.168000E-01
7.400000E+00 5.296000E-01
7.500000E+00 4.992000E-01
7.600000E+00 4.704000E-01
7.700000E+00 4.304000E-01
7.800000E+00 4.304000E-01
7.900000E+00 4.800000E-01
8.000000E+00 4.320000E-01
8.100000E+00 3.600000E-01
8.200000E+00 4.032000E-01
8.300000E+00 3.648000E-01
8.400000E+00 3.904000E-01
8.500000E+00 3.328000E-01
8.600000E+00 3.392000E-01
8.700000E+00 3.104000E-01
8.800000E+00 2.864000E-01
8.900000E+00 3.280000E-01
9.000000E+00 2.976000E-01
9.100000E+00 3.120000E-01
9.200000E+00 2.880000E-01
9.300000E+00 2.912000E-01
9.400000E+00 2.672000E-01
9.500000E+00 2.896000E-01
9.600000E+00 2.672000E-01
9.700000E+00 2.624000E-01
9.800000E+00 2.816000E-01
9.900000E+00 2.432000E-01
1.000000E+01 2.400000E-01
1.010000E+01 2.400000E-01
1.020000E+01 2.000000E-01
1.030000E+01 2.048000E-01
1.040000E+01 2.016000E-01
1.050000E+01 1.664000E-01
1.060000E+01 1.600000E-01
1.070000E+01 1.520000E-01
1.080000E+01 1.216000E-01
1.090000E+01 1.440000E-01
1.100000E+01 1.456000E-01
1.110000E+01 1.056000E-01
1.120000E+01 1.120000E-01
1.130000E+01 1.184000E-01
1.140000E+01 1.056000E-01
1.150000E+01 9.280000E-02
1.160000E+01 9.600000E-02
1.170000E+01 5.280000E-02
1.180000E+01 9.600000E-02
1.190000E+01 8.000000E-02
1.200000E+01 8.000000E-02
1.210000E+01 7.840000E-02
1.220000E+01 6.880000E-02
1.230000E+01 5.920000E-02
1.240000E+01 6.880000E-02
1.250000E+01 5.600000E-02
1.260000E+01 5.280000E-02
1.270000E+01 4.320000E-02
1.280000E+01 5.120000E-02
1.290000E+01 4.480000E-02
1.300000E+01 4.000000E-02
1.310000E+01 3.360000E-02
1.320000E+01 3.520000E-02
1.330000E+01 4.640000E-02
1.340000E+01 3.040000E-02
1.350000E+01 3.840000E-02
1.360000E+01 2.880000E-02
1.370000E+01 2.720000E-02
1.380000E+01 1.760000E-02
1.390000E+01 2.880000E-02
1.400000E+01 1.760000E-02
1.410000E+01 9.600000E-03
1.420000E+01 2.080000E-02
1.430000E+01 1.120000E-02
1.440000E+01 8.000000E-03
1.450000E+01 1.280000E-02
1.460000E+01 1.600000E-02
1.470000E+01 3.200000E-03
1.480000E+01 1.600000E-03
1.490000E+01 4.800000E-03
1.500000E+01 1.120000E-02
1.510000E+01 9.600000E-03
1.520000E+01 4.800000E-03
1.530000E+01 4.800000E-03
1.540000E+01 3.200000E-03
1.550000E+01 6.400000E-03
1.560000E+01 1.600000E-03
1.570000E+01 3.200000E-03
1.580000E+01 0.000000E+00
1.590000E+01 1.600000E-03
1.600000E+01 1.600000E-03
1.610000E+01 0.000000E+00
1.620000E+01 1.600000E-03
1.630000E+01 4.800000E-03
1.640000E+01 0.000000E+00
1.650000E+01 1.600000E-03
