0.000000E+00 3.246401E+01
1.000000E-01 2.181600E+02
2.000000E-01 5.432801E+02
3.000000E-01 9.594882E+02
4.000000E-01 1.392784E+03
5.000000E-01 1.818192E+03
6.000000E-01 2.176896E+03
7.000000E-01 2.459328E+03
8.000000E-01 2.667153E+03
9.000000E-01 2.797697E+03
1.000000E+00 2.853809E+03
1.100000E+00 2.852961E+03
1.200000E+00 2.832849E+03
1.300000E+00 2.797265E+03
1.400000E+00 2.753489E+03
1.500000E+00 2.734497E+03
1.600000E+00 2.733057E+03
1.700000E+00 2.743025E+03
1.800000E+00 2.781217E+03
1.900000E+00 2.831457E+03
2.000000E+00 2.865633E+03
2.100000E+00 2.900897E+03
2.200000E+00 2.899969E+03
2.300000E+00 2.891745E+03
2.400000E+00 2.810449E+03
2.500000E+00 2.731297E+03
2.600000E+00 2.606689E+03
2.700000E+00 2.438016E+03
2.800000E+00 2.238768E+03
2.900000E+00 2.028784E+03
3.000000E+00 1.800880E+03
3.100000E+00 1.587728E+03
3.200000E+00 1.362080E+03
3.300000E+00 1.158112E+03
3.400000E+00 9.720002E+02
3.500000E+00 7.946082E+02
3.600000E+00 6.414241E+02
3.700000E+00 5.177281E+02
3.800000E+00 4.097601E+02
3.900000E+00 3.220801E+02
4.000000E+00 2.458880E+02
4.100000E+00 1.863680E+02
4.200000E+00 1.405600E+02
4.300000E+00 1.058400E+02
4.400000E+00 7.824002E+01
4.500000E+00 5.840001E+01
4.600000E+00 4.116801E+01
4.700000E+00 3.064001E+01
4.800000E+00 2.393600E+01
4.900000E+00 1.718400E+01
5.000000E+00 1.337600E+01
5.100000E+00 1.078400E+01
5.200000E+00 8.064002E+00
5.300000E+00 6.464001E+00
5.400000E+00 5.408001E+00
5.500000E+00 4.832001E+00
5.600000E+00 3.840001E+00
5.700000E+00 3.648001E+00
5.800000E+00 3.168001E+00
5.900000E+00 2.608001E+00
6.000000E+00 2.368000E+00
6.100000E+00 2.368000E+00
6.200000E+00 2.352000E+00
6.300000E+00 2.000000E+00
6.400000E+00 1.824000E+00
6.500000E+00 1.888000E+00
6.600000E+00 1.824000E+00
6.700000E+00 1.680000E+00
6.800000E+00 1.680000E+00
6.900000E+00 1.408000E+00
7.000000E+00 1.216000E+00
7.100000E+00 1.216000E+00
7.200000E+00 1.152000E+00
7.300000E+00 9.760002E-01
7.400000E+00 1.040000E+00
7.500000E+00 9.600002E-01
7.600000E+00 8.640002E-01
7.700000E+00 9.760002E-01
7.800000E+00 9.120002E-01
7.900000E+00 8.160002E-01
8.000000E+00 7.840002E-01
8.100000E+00 9.280002E-01
8.200000E+00 7.680002E-01
8.300000E+00 9.280002E-01
8.400000E+00 6.880001E-01
8.500000E+00 7.200001E-01
8.600000E+00 6.880001E-01
8.700000E+00 8.160002E-01
8.800000E+00 9.120002E-01
8.900000E+00 4.640001E-01
9.000000E+00 6.880001E-01
9.100000E+00 4.640001E-01
9.200000E+00 7.840002E-01
9.300000E+00 7.040001E-01
9.400000E+00 6.240001E-01
9.500000E+00 5.280001E-01
9.600000E+00 5.760001E-01
9.700000E+00 6.080001E-01
9.800000E+00 6.080001E-01
9.900000E+00 5.120001E-01
1.000000E+01 5.120001E-01
1.010000E+01 4.800001E-01
1.020000E+01 4.960001E-01
1.030000E+01 3.520001E-01
1.040000E+01 5.120001E-01
1.050000E+01 4.640001E-01
1.060000E+01 2.880001E-01
1.070000E+01 2.880001E-01
1.080000E+01 2.080000E-01
1.090000E+01 2.240000E-01
1.100000E+01 2.560001E-01
1.110000E+01 2.240000E-01
1.120000E+01 3.680001E-01
1.130000E+01 1.440000E-01
1.140000E+01 2.720001E-01
1.150000E+01 1.280000E-01
1.160000E+01 2.400000E-01
1.170000E+01 1.600000E-01
1.180000E+01 2.400000E-01
1.190000E+01 1.600000E-01
1.200000E+01 1.600000E-01
1.210000E+01 1.920000E-01
1.220000E+01 1.600000E-01
1.230000E+01 9.600002E-02
1.240000E+01 8.000002E-02
1.250000E+01 1.120000E-01
1.260000E+01 1.600000E-01
1.270000E+01 1.440000E-01
1.280000E+01 1.120000E-01
1.290000E+01 1.280000E-01
1.300000E+01 9.600002E-02
1.310000E+01 1.280000E-01
1.320000E+01 9.600002E-02
1.330000E+01 6.400001E-02
1.340000E+01 8.000002E-02
1.350000E+01 1.120000E-01
1.360000E+01 6.400001E-02
1.370000E+01 6.400001E-02
1.380000E+01 9.600002E-02
1.390000E+01 8.000002E-02
1.400000E+01 4.800001E-02
1.410000E+01 3.200001E-02
1.420000E+01 1.600000E-02
1.430000E+01 1.600000E-02
1.440000E+01 0.000000E+00
1.450000E+01 0.000000E+00
1.460000E+01 3.200001E-02
1.470000E+01 1.600000E-02
1.480000E+01 1.600000E-02
1.490000E+01 0.000000E+00
1.500000E+01 0.000000E+00
1.510000E+01 1.600000E-02
1.520000E+01 1.600000E-02
1.530000E+01 0.000000E+00
1.540000E+01 3.200001E-02
1.550000E+01 1.600000E-02
1.560000E+01 1.600000E-02
1.570000E+01 1.600000E-02
1.580000E+01 0.000000E+00
1.590000E+01 0.000000E+00
1.600000E+01 0.000000E+00
1.610000E+01 1.600000E-02
1.620000E+01 1.600000E-02
