0 0.746507251
0.7 0.8459379945
0.8 1.821330848
0.9 1.955764837
1 1.971126191
1.1 1.97961184
1.2 1.986052097
1.3 1.996137805
1.4 2.05934154
1.5 2.481542744
1.6 2.909010861
1.7 2.99148479
1.8 3.004057278
1.9 3.006588188
2 3.01846446
2.1 3.074437424
2.2 3.2581791
2.3 3.551305426
2.4 3.679010546
2.5 3.670618217
2.6 3.627646873
2.7 3.584560005
2.8 3.562216909
2.9 3.585187009
3 3.656332535
3.1 3.674499999
3.2 3.589522448
3.3 3.45448444
3.4 3.310581061
3.5 3.175288775
3.6 3.058855965
3.7 2.963869015
3.8 2.853280379
3.9 2.688527355
4 2.485546054
4.1 2.269630485
4.2 2.062530925
4.3 1.867116669
4.4 1.682572057
4.5 1.499585713
4.6 1.313933721
4.7 1.128683985
4.8 0.9572707122
4.9 0.8149576689
5 0.7098076472
5.1 0.6327912803
5.2 0.5835673019
5.3 0.5544097261
5.4 0.5415989416
5.5 0.5459012705
5.6 0.5709646292
5.7 0.6186139002
5.8 0.6842820271
5.9 0.7657015684
6 0.8574113229
6.1 0.9563890988
6.2 1.057187363
6.3 1.16031837
6.4 1.260068612
6.5 1.351585408
6.6 1.432193603
6.7 1.499641233
6.8 1.554237798
6.9 1.597154828
7 1.630271664
7.1 1.655260387
7.2 1.672400022
7.3 1.68416676
7.4 1.691367212
7.5 1.695050266
7.6 1.69608367
7.7 1.696211193
