8.939 8.939 8.939
100
  3.54122666028085  4.183910430601916 -3.568010255057752 0 0.5 1 1 0  0.7579219760604919 -0.5195327528812536  0.3945123532770464 0.0864006511  0.06548495221462446
-0.04488796811671573
 0.03408612419013089 0 0 0 0 0 0  0 0 0 0 0 0 
 -2.228697595062709 -0.9303446779617331    3.10710658831511 0 0.5 1 1 0 -0.06806072665758697  -0.6555932322967339  -0.7520407244648269 0.0864006511 -0.00588049109755437
-0.05664368212719047
-0.06497680824747645 0 0 0 0 0 0  0 0 0 0 0 0 
 4.112680128594684  3.895038098341899 -3.112345188496804 0 0.5 1 1 0   0.7515847036123368 -0.06034228859511685   0.6568707951363439 0.0864006511   0.06493740774890683
-0.005213613023482452
  0.05675406438835496 0 0 0 0 0 0  0 0 0 0 0 0 
0.06567400766146139   3.778107808744688 -0.9583751013246867 0 0.5 1 1 0 -0.6982810050414583  0.4247145805424485 -0.5762127758675177 0.0864006511 -0.06033193348634371
 0.03669561629053043
-0.04978515900709066 0 0 0 0 0 0  0 0 0 0 0 0 
-4.398324517492516 0.4522076528003692  1.362510347084764 0 0.5 1 1 0 -0.5707221249238011  0.8210556817713534 0.01199264580650638 0.0864006511 -0.04931076319059243
  0.0709397454943998
0.001036172406093367 0 0 0 0 0 0  0 0 0 0 0 0 
  -3.929557178234369   -2.253193704925782 -0.01494668034911203 0 0.5 1 1 0 -0.7095197082018709 -0.5727732688594328 -0.4105028211269732 0.0864006511 -0.06130296475692427
-0.04948798336213054
-0.03546771102375716 0 0 0 0 0 0  0 0 0 0 0 0 
 3.223204535954471 -1.906078090191917  0.909168715697366 0 0.5 1 1 0  0.1282566918204584 -0.9852996327763816  0.1128488132591706 0.0864006511  0.01108146168121962
-0.08513052980047041
0.009750210941455411 0 0 0 0 0 0  0 0 0 0 0 0 
 3.160080593163112 -2.681591477752024  1.052476516454141 0 0.5 1 1 0 -0.3856265302401515 -0.8528807804332665   0.351975217227692 0.0864006511 -0.03331838329418309
-0.07368945474011067
 0.03041088793953617 0 0 0 0 0 0  0 0 0 0 0 0 
-1.009299988722939  3.157398010164812  2.997424059811045 0 0.5 1 1 0  0.4752673484085325 -0.7845229200213595  0.3983023167116891 0.0864006511  0.04106340834906739
-0.06778329109271826
 0.03441357949852776 0 0 0 0 0 0  0 0 0 0 0 0 
-1.047164363952665  -3.67906578061503 -4.073852904209851 0 0.5 1 1 0 -0.6374634063562716  0.6656135598040001 -0.3880708628094924 0.0864006511 -0.05507725336160622
 0.05750944494805469
 -0.0335295752196792 0 0 0 0 0 0  0 0 0 0 0 0 
 3.922168381975344 -3.875678635732585 0.7213205132929408 0 0.5 1 1 0     0.5260620932103 0.03119758605064134  0.8498737463363584 0.0864006511  0.04545210737239906
0.002695491747523651
 0.07342964503625921 0 0 0 0 0 0  0 0 0 0 0 0 
 -4.394436146684548   3.065431081672537 0.00164506463022058 0 0.5 1 1 0  0.5598928761562592  0.7131583628657683 -0.4218117076422461 0.0864006511  0.0483751090461537
0.06161734688901336
-0.0364448061818935 0 0 0 0 0 0  0 0 0 0 0 0 
-1.538430969626713 -4.448738316637637  2.048712699558936 0 0.5 1 1 0  0.2870550363004524 -0.3721460724403239  0.8826702141240413 0.0864006511  0.02480174203789373
-0.03215366296315154
 0.07626328120689377 0 0 0 0 0 0  0 0 0 0 0 0 
 -1.86487903173334 -2.615006606933735  4.166936434172905 0 0.5 1 1 0 -0.268883472388689  0.675591529420566 -0.686496732440419 0.0864006511 -0.02323170708441215
 0.05837154801958253
-0.05931376466087495 0 0 0 0 0 0  0 0 0 0 0 0 
-1.546638591432754 -1.018969078643179 -3.386095643604921 0 0.5 1 1 0 -0.01377737233996081   0.8186162610650157   0.5741755838864511 0.0864006511 -0.00119037394062005
 0.07072897795706461
 0.04960914429351203 0 0 0 0 0 0  0 0 0 0 0 0 
-0.6946225481134863   1.622826950099746   3.249936608243538 0 0.5 1 1 0  -0.324477838013161 -0.8999189268957751  0.2913074967333832 0.0864006511 -0.02803509647185776
-0.07775358122100824
 0.02516915738807508 0 0 0 0 0 0  0 0 0 0 0 0 
 3.404436097744271 -1.109403755658123   1.18123626301151 0 0.5 1 1 0 -0.5433126753694766 -0.6835687256922667 -0.4873860215869032 0.0864006511 -0.04694256890280588
-0.05906078297140839
-0.04211046960214713 0 0 0 0 0 0  0 0 0 0 0 0 
  3.884560290199376 -0.7979528443217891   1.723836120036832 0 0.5 1 1 0 -0.08459646952806711  -0.3260021129890243  -0.9415763695367823 0.0864006511 -0.00730919004798698
-0.02816679482222775
-0.08135281138835242 0 0 0 0 0 0  0 0 0 0 0 0 
-1.428931811465668 -1.319452496575828 -4.066299651773905 0 0.5 1 1 0  0.3460986183036165 0.02767287550649795  0.9377899329644837 0.0864006511  0.02990314596624239
0.002390954461570537
 0.08102566080315729 0 0 0 0 0 0  0 0 0 0 0 0 
 0.5263324305719648   3.394925322576112 -0.5408392113535353 0 0.5 1 1 0 -0.5652147110032137  0.3267221680442569 -0.7574859440108562 0.0864006511 -0.04883491904197583
 0.02822900804782691
-0.06544727876163615 0 0 0 0 0 0  0 0 0 0 0 0 
 2.201534521350458 -4.427631552682037 -4.336789671122025 0 0.5 1 1 0  0.5512795873354813 -0.4287307139628098  0.7157379349260178 0.0864006511  0.04763091528392417
-0.03704261283295501
 0.06184022359457732 0 0 0 0 0 0  0 0 0 0 0 0 
 -4.271695808083245 -0.7127976908392061 -0.1894725346454395 0 0.5 1 1 0 -0.5547816611398374  -0.683422383009193  0.4745009534921631 0.0864006511 -0.04793349674082145
-0.05904813886830807
 0.04099719132929263 0 0 0 0 0 0  0 0 0 0 0 0 
4.269337308575453 1.164470116983377 1.116675726864442 0 0.5 1 1 0 -0.2355780569224512  0.8472301168250255 -0.4761345484642837 0.0864006511 -0.02035409750297298
 0.07320123372521098
-0.04113833499851818 0 0 0 0 0 0  0 0 0 0 0 0 
  1.471751759932448 -0.4754903752249419   1.688956447547686 0 0.5 1 1 0  0.4374873762189405  0.7227499347230477 -0.5350115209104458 0.0864006511  0.03779919415334682
 0.06244606494255306
-0.04622534375266363 0 0 0 0 0 0  0 0 0 0 0 0 
 -3.790901971976016   3.650355021287665 -0.0594130174340745 0 0.5 1 1 0  0.7091785959178549  0.6967313434611606 -0.1078478285862189 0.0864006511   0.06127349243348822
  0.06019804171682343
-0.009318122609570271 0 0 0 0 0 0  0 0 0 0 0 0 
 1.800973799964467 -4.024221459538848  2.399241400020839 0 0.5 1 1 0 -0.6837068494018397 -0.2118282206196591  0.6983364153687782 0.0864006511 -0.05907271694984745
-0.01830209618289243
 0.06033672097470243 0 0 0 0 0 0  0 0 0 0 0 0 
-0.2884852527312023  -1.259841915268286   2.203545910170758 0 0.5 1 1 0  0.8139739560487226 -0.5434704725589841  0.2051493220337664 0.0864006511  0.07032787978105204
-0.04695620268272085
 0.01772503499644118 0 0 0 0 0 0  0 0 0 0 0 0 
 3.954194612352123  2.204361483872716 -3.986583999678054 0 0.5 1 1 0  0.5112168155023776 -0.6603612589994866 -0.5500730634745048 0.0864006511  0.04416946571267424
-0.05705564273877167
-0.04752667083676854 0 0 0 0 0 0  0 0 0 0 0 0 
-1.080463342593529 0.4368639536958587  2.557909986927222 0 0.5 1 1 0 -0.5489708703362015 -0.3621727596393293 -0.7533006542527041 0.0864006511 -0.04743144063198156
-0.03129196224352213
-0.06508566700149002 0 0 0 0 0 0  0 0 0 0 0 0 
4.248723159415908 1.839203731730039 4.219140083771478 0 0.5 1 1 0  0.2602596581916204 -0.2179881635969764 -0.9406094146082054 0.0864006511  0.02248660392282014
-0.01883431926687196
-0.08126926585293995 0 0 0 0 0 0  0 0 0 0 0 0 
 -3.552885264258573 -0.2631367985689401 -0.3945386506116578 0 0.5 1 1 0 -0.9134776919142177 -0.3042093264617746 -0.2702132344441088 0.0864006511  -0.0789250673467138
-0.02628388387698928
-0.02334659939180737 0 0 0 0 0 0  0 0 0 0 0 0 
-4.365440827353352  3.497703050605325 -2.630273361567552 0 0.5 1 1 0   0.416572582756719 -0.8244761954389842  0.3830225665020962 0.0864006511  0.03599214238058948
-0.07123528010237901
 0.03309339913177405 0 0 0 0 0 0  0 0 0 0 0 0 
-1.906836937650221 0.8639998142310974 -1.483343807995858 0 0.5 1 1 0  -0.7019958223418944 -0.02409871002405654   0.7117732206185539 0.0864006511  -0.06065289611981952
-0.002082144236749076
  0.06149766969698658 0 0 0 0 0 0  0 0 0 0 0 0 
 1.698295010338368 -4.364639626864962  3.091444836495975 0 0.5 1 1 0  0.5014316424174158 -0.3553469820488278  0.7888566601933136 0.0864006511  0.04332402038700677
-0.03070221061543962
 0.06815772906527444 0 0 0 0 0 0  0 0 0 0 0 0 
 1.339633294806227  1.700658359934102 0.8583901679231705 0 0.5 1 1 0 -0.1278575686860362  0.8035269663932534 -0.5813749705728347 0.0864006511 -0.01104697718253646
 0.06942525307278435
-0.05023117599073561 0 0 0 0 0 0  0 0 0 0 0 0 
-0.4085265611471589   3.869413709587006  -1.502751822183191 0 0.5 1 1 0 -0.5130523004293277 0.01333081458500664 -0.8582538239976973 0.0864006511 -0.04432805280544699
0.001151791059838419
-0.07415368920246607 0 0 0 0 0 0  0 0 0 0 0 0 
 -4.441247068447403  -2.769135344503751 -0.2632952162410345 0 0.5 1 1 0 -0.3786438598198192 -0.9224048150326944 0.07614581160677464 0.0864006511 -0.03271507602344948
-0.07969637659659888
0.006579047701363326 0 0 0 0 0 0  0 0 0 0 0 0 
  4.316554627481657 0.02817348907036935    2.89202397537038 0 0.5 1 1 0 -0.1505082160951731 -0.8822128073518073 -0.4461477775718413 0.0864006511 -0.01300400786652196
-0.07622376096395515
-0.03854745846902566 0 0 0 0 0 0  0 0 0 0 0 0 
 2.111636669529691 -4.316669140941424  3.808053226507604 0 0.5 1 1 0 0.2440689862715999 0.0385582645923442 0.9689910165589626 0.0864006511  0.02108771932718343
0.003331459166064811
 0.08372145474074572 0 0 0 0 0 0  0 0 0 0 0 0 
-0.6948768072948102   2.510285846719942    3.27668967990306 0 0.5 1 1 0  0.1293683279565958 -0.9804097181670043 -0.1485281799706788 0.0864006511  0.01117750776716814
-0.08470803799439683
-0.01283293145616505 0 0 0 0 0 0  0 0 0 0 0 0 
-4.021178795426461  2.745343380438544 -2.818372019127981 0 0.5 1 1 0 0.05299335439601784 -0.8562585789626914  -0.513821905277159 0.0864006511 0.004578660323788648
-0.07398129873233694
 -0.0443945471653889 0 0 0 0 0 0  0 0 0 0 0 0 
-3.466219590417628 -1.716059373183027  0.394410922106646 0 0.5 1 1 0 -0.5871113061589107 -0.2414394967694863 -0.7726624641977006 0.0864006511 -0.05072679912030179
-0.02086052972213998
-0.06675853998721272 0 0 0 0 0 0  0 0 0 0 0 0 
  -2.536066580415885   -4.327723791598394 -0.05079533334673583 0 0.5 1 1 0  0.680349624965686 0.1362970967241645 0.7201024157948869 0.0864006511 0.05878265057267555
0.01177615790000753
0.06221731758335993 0 0 0 0 0 0  0 0 0 0 0 0 
0.4733028222229066 -1.457836115822879  2.540697264496173 0 0.5 1 1 0   0.9437654777399718   0.3215981861469665 -0.07668982783410086 0.0864006511   0.08154195176243577
   0.0277862926756766
-0.006626051057613243 0 0 0 0 0 0  0 0 0 0 0 0 
 -3.85168492428241 0.9871487358989056 -4.434743766594366 0 0.5 1 1 0  0.6501845195779249 -0.5864472465776555  -0.483052499716875 0.0864006511  0.05617636582667351
-0.05066942394011154
-0.04173605049102004 0 0 0 0 0 0  0 0 0 0 0 0 
 4.288116580194587  -1.25307781361077 0.1066747694539386 0 0.5 1 1 0 -0.3768923360165726 -0.9220957282365416 0.08770196702412333 0.0864006511 -0.03256374322643152
-0.07966967129616684
0.007577507053636101 0 0 0 0 0 0  0 0 0 0 0 0 
  3.952277239278759 -0.4560467948481624   2.433925022364902 0 0.5 1 1 0 -0.2440912690085821 -0.5052083009722235 -0.8277584339784995 0.0864006511 -0.02108964457016714
 -0.0436503261451251
 -0.0715188676492592 0 0 0 0 0 0  0 0 0 0 0 0 
 -1.54910977896899 -3.201400489161036 -4.433363163569371 0 0.5 1 1 0 -0.4414852925953574  0.8591452866806381 -0.2587665217844776 0.0864006511 -0.03814461673131323
 0.07423071215870364
-0.02235759596506089 0 0 0 0 0 0  0 0 0 0 0 0 
 -3.133835264415108   4.145114486474473 -0.2931852133361708 0 0.5 1 1 0  0.7250063826731242  0.6541927751560762 -0.2154009238996425 0.0864006511  0.06264102351461472
 0.05652268171840013
-0.01861078007247032 0 0 0 0 0 0  0 0 0 0 0 0 
   3.79490879098898  -1.948684928416832 0.07869536411264715 0 0.5 1 1 0  -0.5558939909242049  -0.8312425989553492 -0.00419672923777205 0.0864006511    -0.0480296027584292
  -0.07181990177179975
-0.0003626001386344754 0 0 0 0 0 0  0 0 0 0 0 0 
  0.7894360835064848    2.891712577964198 -0.03210465339641935 0 0.5 1 1 0 -0.4780438078746861  0.8028369741473008 -0.3562680320975828 0.0864006511 -0.04130329625469645
 0.06936563729347989
-0.03078178993934753 0 0 0 0 0 0  0 0 0 0 0 0 
-2.957938635288144 -1.586407111280506 0.9938347893258652 0 0.5 1 1 0  -0.627504494131833 0.04704968657731366 -0.7771900905424208 0.0864006511 -0.05421679686116539
0.004065123554330574
-0.06714972985133291 0 0 0 0 0 0  0 0 0 0 0 0 
 -2.358857303608612 -0.5912579142726987   3.790492026845273 0 0.5 1 1 0  0.6834510651998945 -0.2738328009626187  -0.676690652066441 0.0864006511  0.05905061702825912
-0.02365933229570683
-0.05846651293182399 0 0 0 0 0 0  0 0 0 0 0 0 
 2.875106873965834 -3.391475453014928  1.349466567148454 0 0.5 1 1 0 -0.2051497727793318 -0.8084628949832018  0.5516351313721525 0.0864006511 -0.01772507394115187
-0.06985172051674009
 0.04766163452018696 0 0 0 0 0 0  0 0 0 0 0 0 
 -4.098470320456358 -0.2721643768584011   1.405491153536882 0 0.5 1 1 0 -0.2975621913860323  0.9501700646751046 0.09291711603814394 0.0864006511  -0.0257095670784965
 0.08209531224365757
0.008028099324029933 0 0 0 0 0 0  0 0 0 0 0 0 
 1.477242815986786 0.9157325981354236   1.04269062450346 0 0.5 1 1 0 -0.4134378148952215  0.7017713876905927 -0.5801604025038951 0.0864006511 -0.03572129639630821
 0.06063350481981687
-0.05012623651877425 0 0 0 0 0 0  0 0 0 0 0 0 
 3.598251635308526 -3.399531251161469 -1.371290681793349 0 0.5 1 1 0 -0.6932105869772238 -0.3127479044975116 -0.6493441540008814 0.0864006511 -0.05989384606424487
-0.02702162257874592
-0.05610375769365521 0 0 0 0 0 0  0 0 0 0 0 0 
-2.393971614718143 0.4388944894386319 -1.005795105451063 0 0.5 1 1 0 -0.7377399069985527 -0.1784581616275456  0.6510702835871784 0.0864006511 -0.06374120830712762
 -0.0154189013587285
 0.05625289641379388 0 0 0 0 0 0  0 0 0 0 0 0 
 1.047434017895786  2.192899955042241 0.2926921551923821 0 0.5 1 1 0 -0.3773189400718771  0.9014480489728847 -0.2121834877317725 0.0864006511 -0.03260060209457195
 0.07788569836408094
-0.01833279149269357 0 0 0 0 0 0  0 0 0 0 0 0 
  -3.9624075083016 -1.001691310669557  1.265462008767977 0 0.5 1 1 0 0.08519537247292229  0.9934633836333949 0.07597535053477451 0.0864006511 0.007360935652367901
 0.08583588318993428
0.006564319753756079 0 0 0 0 0 0  0 0 0 0 0 0 
 3.559672024339938 -3.387756589629792 0.1532425548066989 0 0.5 1 1 0  0.4169250840353829 -0.8935687826920751  0.1664581175559889 0.0864006511   0.0360225987205802
-0.07720492462723062
  0.0143820897377186 0 0 0 0 0 0  0 0 0 0 0 0 
-0.761992263423388 -4.213910460896709 -3.582135515493291 0 0.5 1 1 0 -0.1127071597999573  0.7358666941951044  -0.667680540755983 0.0864006511 -0.009737971990346938
  0.06357936150126102
 -0.05768803344811677 0 0 0 0 0 0  0 0 0 0 0 0 
-1.453520210126805 0.7454635917511538 -2.079534549863472 0 0.5 1 1 0 -0.3242148475431851 0.04722097177278457  0.9448041661939292 0.0864006511  -0.0280123739240183
0.004079922706742373
 0.08163169512114796 0 0 0 0 0 0  0 0 0 0 0 0 
-3.918548703010313 -2.641632563678598   1.10439613324402 0 0.5 1 1 0 0.1902358448918894 0.9231193917090665 0.3341570169380891 0.0864006511 0.01643650086121835
0.07975811648670014
0.02887138383308469 0 0 0 0 0 0  0 0 0 0 0 0 
-4.379802201348393 -3.402152964839385   1.21039831265178 0 0.5 1 1 0   0.7791701840479885   0.6257419183950038 -0.03661797173486926 0.0864006511   0.06732081121945344
  0.05406450916989086
-0.003163816599854214 0 0 0 0 0 0  0 0 0 0 0 0 
-1.636391104942557  -1.56393803961489  4.124342651791228 0 0.5 1 1 0 0.09254254209585276  0.4578751202673871  0.8841867744671135 0.0864006511 0.007995735891531417
 0.03956070851359329
 0.07639431300796787 0 0 0 0 0 0  0 0 0 0 0 0 
 1.746697046613484 0.2078800454202616  1.343908420075481 0 0.5 1 1 0 0.0005945039882673892    0.9688216135104195   -0.2477586078425157 0.0864006511 5.136553166779739e-05
  0.08370681820705297
  -0.0214065050332232 0 0 0 0 0 0  0 0 0 0 0 0 
-4.071488142077846  1.525526263168985 -3.933315114071781 0 0.5 1 1 0 0.03879650742118166 -0.7287598504361014 -0.6836694460075492 0.0864006511 0.003352043501596125
-0.06296532557321766
-0.05906948527222879 0 0 0 0 0 0  0 0 0 0 0 0 
 -3.37446322723764 0.2777838385375571 -4.403928561570823 0 0.5 1 1 0   0.2423540183818108  -0.9672503892527456 -0.07544013696037061 0.0864006511   0.02093954498489003
 -0.08357106340816538
-0.006518076952448867 0 0 0 0 0 0  0 0 0 0 0 0 
-1.256235260802138  3.836398846759281  2.622402616741864 0 0.5 1 1 0  0.3176112045690805 -0.8172588251767993  0.4808441903598376 0.0864006511  0.02744181487142402
-0.07061169461249692
 0.04154525112474297 0 0 0 0 0 0  0 0 0 0 0 0 
-0.7998575436935909 -0.7755410292235568    2.10481549531054 0 0.5 1 1 0  0.4408768019545836 -0.8690630005876154  0.2244039805973579 0.0864006511 0.03809204274376154
-0.0750876090976894
0.01938865003304344 0 0 0 0 0 0  0 0 0 0 0 0 
-1.675946336550405 -4.378412025941432  1.255492293938314 0 0.5 1 1 0 -0.2571937685084351 -0.1618114868249329  0.9527163314292166 0.0864006511 -0.02222170905799154
-0.01398061781713248
 0.08231531134908653 0 0 0 0 0 0  0 0 0 0 0 0 
 2.770282237760449  3.895422519944888 -2.954069727508452 0 0.5 1 1 0 -0.06819647983249036  -0.9962926987496556 -0.05244138210027913 0.0864006511 -0.005892220260255491
 -0.08608033785814585
-0.004530969558048516 0 0 0 0 0 0  0 0 0 0 0 0 
 1.047420137690973 -1.027511542911312   2.11498591600299 0 0.5 1 1 0  0.5114996277210596  0.4580641779331705 -0.7270112376955555 0.0864006511  0.04419390087250772
 0.03957704321901288
-0.06281424429391265 0 0 0 0 0 0  0 0 0 0 0 0 
 3.587321013266608  2.510691900209269 -3.412367930360131 0 0.5 1 1 0  0.7374257633447993 -0.4000494855144355 -0.5442091993847326 0.0864006511  0.06371406609090463
-0.03456453602066711
 -0.0470200291614506 0 0 0 0 0 0  0 0 0 0 0 0 
 -1.236380012985619 -0.1420755302906159   2.056793586464428 0 0.5 1 1 0   0.648843505890322 -0.7105162127938739 -0.2723395237952289 0.0864006511  0.05606050137093108
 -0.0613890634024974
-0.02353031217617173 0 0 0 0 0 0  0 0 0 0 0 0 
-2.558850681251921 -1.532812130340343  1.701708264431104 0 0.5 1 1 0 -0.4222694560155926 -0.2575114047018959 -0.8691239169213691 0.0864006511 -0.03648435593939051
-0.02224915303191945
-0.07509287230858973 0 0 0 0 0 0  0 0 0 0 0 0 
 2.454695189572248 -3.706207656409379  1.980055335437037 0 0.5 1 1 0 -0.8835397530720087 -0.3283043694945389  0.3340265643811215 0.0864006511  -0.0763384099381539
-0.02836571128330367
 0.02886011264722513 0 0 0 0 0 0  0 0 0 0 0 0 
-4.038773075350231 -1.884279276396011  1.240755992013486 0 0.5 1 1 0 0.05029883239663679  0.9427142167225953 -0.3297877090624317 0.0864006511 0.004345851868639339
 0.08145112212605886
-0.02849387278777188 0 0 0 0 0 0  0 0 0 0 0 0 
-2.026823977597707 -4.276732956435745  0.523049200150597 0 0.5 1 1 0 0.7023139428139448 0.2089312268037515 0.6805166186034002 0.0864006511 0.06068038193573269
0.01805179403096617
0.05879707893170469 0 0 0 0 0 0  0 0 0 0 0 0 
  4.070845402365991  -3.354036964085281 -0.7329114832200354 0 0.5 1 1 0 -0.6668391995445624 -0.1290154186685412 -0.7339485701985768 0.0864006511 -0.05761534101965403
-0.01114701617490115
-0.06341363433907249 0 0 0 0 0 0  0 0 0 0 0 0 
-1.541161403959341 -2.137633380126145  3.592653120932491 0 0.5 1 1 0  0.2399528794954967  0.9677256067091886 0.07700497218473726 0.0864006511  0.02073208502173085
 0.08361212250581539
0.006653279734698116 0 0 0 0 0 0  0 0 0 0 0 0 
-2.213171106962599 -1.298728507739013  2.388377071769498 0 0.5 1 1 0 -0.2129620915775557 -0.3401146099443334 -0.9159526186726767 0.0864006511 -0.01840006337191833
-0.02938612374781191
 -0.0791389026300687 0 0 0 0 0 0  0 0 0 0 0 0 
 -2.903155035579908 0.09338645902537364 -0.4836703779445457 0 0.5 1 1 0 -0.526995343188249 -0.611586132272734 0.5901172011300602 0.0864006511  -0.0455327407781327
-0.05284144003209484
 0.05098651040294627 0 0 0 0 0 0  0 0 0 0 0 0 
  3.389461257127618  -2.651640533815036 0.02870684163831825 0 0.5 1 1 0 -0.1595246975259977 -0.9721551078398847  0.1716575578879863 0.0864006511 -0.01378303773277722
-0.08399483428755665
 0.01483132476775884 0 0 0 0 0 0  0 0 0 0 0 0 
 2.861159296536556 -4.276259625810154 -2.682365249286661 0 0.5 1 1 0 -0.4566093098599305 -0.7541787806388586 -0.4719346405841958 0.0864006511 -0.03945134167021951
-0.06516153769300144
-0.04077546022311812 0 0 0 0 0 0  0 0 0 0 0 0 
 2.874466208367922  4.383293105231602 -3.916285462665487 0 0.5 1 1 0    0.8775961417831275 0.0003745939075380416    0.4794005335904085 0.0864006511   0.07582487805290958
3.236515750937074e-05
  0.04142051823989915 0 0 0 0 0 0  0 0 0 0 0 0 
 -1.483050582258733 -0.3365992645402571  -3.052767812773554 0 0.5 1 1 0  0.296677596640616 0.8590291138132532 0.4171946611268532 0.0864006511 0.02563313751653251
0.07422067474732127
0.03604589035680511 0 0 0 0 0 0  0 0 0 0 0 0 
   -2.8451208630403 -0.2295250475821112   4.196253259027026 0 0.5 1 1 0  0.8113977453163557 -0.4829071813369075 -0.3292937185990475 0.0864006511  0.07010529349640494
-0.04172349488837416
-0.02845119169009709 0 0 0 0 0 0  0 0 0 0 0 0 
 4.201023033162141  1.740822480642576 0.5541146460771704 0 0.5 1 1 0   0.170317863417679  0.6516598474007016 -0.7391422519965517 0.0864006511  0.01471557429324857
 0.05630383511114722
-0.06386237182802243 0 0 0 0 0 0  0 0 0 0 0 0 
-3.954522139523303  2.155719489329313 -3.399412762702194 0 0.5 1 1 0 0.01543721496230232 -0.8333276704593143  -0.552563739346926 0.0864006511 0.001333785423913291
-0.07200005330733045
-0.04774186685382476 0 0 0 0 0 0  0 0 0 0 0 0 
-1.275129664547617 0.3756443192565755 -2.719050816212249 0 0.5 1 1 0 0.04613788157568555  0.8130691176355662  0.5803360283758242 0.0864006511 0.003986343008513647
 0.07024970115301565
 0.05014141070845957 0 0 0 0 0 0  0 0 0 0 0 0 
 3.096859541801161 -3.685865451208006 -2.073740409386216 0 0.5 1 1 0 -0.2699948952234719 -0.2492870304608557 -0.9300315763441975 0.0864006511 -0.02332773474098413
-0.02153856174260363
-0.08035533373969755 0 0 0 0 0 0  0 0 0 0 0 0 
 3.101056673797709  3.162577161803852 -3.064361899182438 0 0.5 1 1 0  0.6925738754919876 -0.5944168571841144 -0.4086686027594794 0.0864006511  0.05983883377735728
-0.05135800348552302
-0.03530923336254608 0 0 0 0 0 0  0 0 0 0 0 0 
 -1.07000799414923 0.9708240067270677  3.185335816022908 0 0.5 1 1 0 -0.4807852958095459 -0.6063946767460342   -0.63334903122005 0.0864006511 -0.04154016259725176
-0.05239289489443275
-0.05472176867096661 0 0 0 0 0 0  0 0 0 0 0 0 
 4.44555216742583 1.576941254587644 3.532729144094631 0 0.5 1 1 0  0.2078799128020803 -0.4144603218377669 -0.8860071012557116 0.0864006511  0.01796095981671039
-0.03580964166189827
-0.07655159042771578 0 0 0 0 0 0  0 0 0 0 0 0 
-0.6834456854771184   4.014701243141998  -2.228552291578619 0 0.5 1 1 0 -0.1567691947066505  0.3093956491409453 -0.9379220393421213 0.0864006511  -0.0135449604950773
 0.02673198553328516
-0.08103707488019975 0 0 0 0 0 0  0 0 0 0 0 0 
-4.445753962113482 0.8312566122636997  2.998077205490983 0 0.5 1 1 0 0.09319399192991208 -0.8943055038621799 -0.4376443140610651 0.0864006511 0.008052021581352533
-0.07726857781600563
-0.03781275368508898 0 0 0 0 0 0  0 0 0 0 0 0 
4.171482230603035  2.36185101435454 0.122473679773593 0 0.5 1 1 0 0.09724305274400466  0.9868013061530309 -0.1294873386385934 0.0864006511 0.008401863072033462
 0.08526027535795196
-0.01118779036758046 0 0 0 0 0 0  0 0 0 0 0 0 
-0.760862187072874  4.271831856780045 -2.945203341747669 0 0.5 1 1 0  0.1272866175936996  0.3457376474004545 -0.9296577844301341 0.0864006511  0.01099764663641222
 0.02987195784518162
-0.08032303787494632 0 0 0 0 0 0  0 0 0 0 0 0 
1
0 99 0 1   2.53680063751341 -1.192022416106138   2.00712765871184
randomstate
3855899169 1539549693 3306779137 1805743811 2328052736 1335300831 3535768083 891375831 2024956173 2277503457 393818763 2958956791 2409585401 358445203 3673313970 3824503924 543270858 3939159305 2513531539 3564713342 2949662490 858135680 2881520313 3926182214 420687692 2141757872 4025299307 1954851024 1656332706 3957484273 2865752659 1036375525 3128889484 2351108143 3310476166 2680374016 3566408874 3705577015 4207339149 3996638373 2977152811 1910212893 4001125765 2207802986 2197814544 153685189 2845648764 882503496 3602206233 3255719404 3106470931 3892175166 2511652781 3922144232 2072026383 3726418610 2023164338 1002197380 1502469205 3002349881 3229553726 3204581827 1285108118 199653616 2936899337 2831986938 1311438311 806628505 1800443813 2873075798 1420671858 115677352 3727322039 1082020258 4238799977 1784089099 1605805984 544470257 4158867754 3540940705 3079082572 3357643773 3262022472 2635033329 316053533 1930993842 2396732742 3563977866 571396060 3705947521 743331167 924678793 544424143 2252727738 2531294750 2062854999 4138140138 475340605 3696523688 177943914 2244098041 1999479109 3652498121 3024770747 3780784737 204106866 2074841824 1142647547 1633181833 1331771272 364716519 267685957 1532270586 2398165961 338384482 302261026 1526156924 4038283497 857024870 3150517296 1432202332 1495917388 1835387481 2442141309 1943927688 4189129954 174408262 3111562358 3407832343 2347145599 464377297 3345966603 2258824933 1553791629 2368621676 740453345 2983781247 1305283192 331768941 2037300548 264191030 623877541 3675222794 885334782 708024466 2992856714 527851062 3201321438 4186103983 2805494556 967466695 18340635 2924815084 2316336906 441318944 3022768901 2223661895 189618790 2357848391 1248963713 2569380464 1796760254 1925429707 4261926465 3871806138 2478241537 2626068948 3362576147 906973216 3275619604 3310220 2702946144 296587819 967773905 2852688281 4065081392 1558267010 109492952 896596657 3178978961 1554023455 1356933436 1425787279 1093938099 4071578407 2034269593 2252979456 3483061326 1350256051 2570830073 3134385803 2821226985 1488087429 1552610162 1598407124 1909110160 3087215543 3683682449 3361678767 3943121098 1157687169 1433887035 3073332283 1324603770 2597565884 2467400084 1547408320 2403760567 3528859097 1401876895 2466659695 298637927 3188359662 1522817910 2599808310 3772536179 1766809367 1688550813 3640552951 960264628 3632227674 1692386699 2937491417 3212677384 1571625506 943913198 3393267425 1588864503 3720672516 3690505175 3075210941 1825068182 2501780072 3048418241 816936777 651572798 2401882735 2869918010 3560465425 247352496 2095951825 3506839721 1895057454 176924502 600865068 1756390989 957888566 2705618091 3278388254 302925432 2496232769 2335422045 1981544021 808582237 916811606 147158583 3610013052 952129727 3108530223 1306354672 1466899463 3421390932 211785460 939340415 135356535 3645547134 527458821 3973526780 3445484633 3832424563 3573422851 3532455324 857036838 212446209 3511377470 470084105 1665290024 4196045920 272286492 808321137 2436268861 899957076 1789344190 1196626641 3147413615 1236612715 3106890935 3625380693 1664108931 297832862 958628694 3943308495 1651418908 3889961929 4015221932 3006608451 454269030 1872597687 1618106254 3515142344 1730792465 2446679969 2329336847 3901806855 3555464720 2131509710 629449071 913543649 2410441402 3623654253 1684485219 2040897710 854345099 1503906096 1435660101 2011534638 1213492579 2776840333 2222967545 2474589719 3681397420 3780739398 3840238303 1925612630 931273144 725595126 3959261987 1040258210 605516404 32362125 131724759 384381225 3780046372 4040505375 1962467285 136004659 2283472641 4131076698 3551047720 4098935140 2625601978 3892080332 3172023510 950826647 1140992708 2325525732 2411791915 1565935378 2393895066 3187329023 3421469189 2105087546 2721044128 2986332669 3495365238 2458322275 3174688888 2974540139 876857751 1459758600 3573554462 331973916 3252120030 1245427247 1410303062 3076471744 2543203349 3470109770 1096070351 1747986571 2041712135 3955620842 2299574467 257428798 3619193310 1955923709 4243149030 3740388277 2418373619 2878217155 2253013738 367959718 2889478113 849885523 2757546279 2262107919 4143676664 2790663799 1781000277 2728271428 1196527098 2084295809 3664925662 3690868028 3952056334 3249265082 2042438442 707437533 2790165944 1528393596 1212120657 1318464126 2868442465 2135594549 1055370444 1399553141 4180902323 2963439346 745263589 54975903 266682970 3663992860 2887466558 34550095 1049225522 1877577980 4152742371 850412888 3156651687 2755997357 1103498012 4102886309 4098135851 3308854165 3721708177 1293420824 4085424392 1679281148 1805250939 66829145 2950290493 1239000458 236241014 874459319 3233251884 1542470322 835445736 934555448 1175552189 2983260844 4110714161 1524840641 1334377581 2378305557 1143443329 3000297643 2400828430 3124526753 2712100088 2615004176 167126472 422687301 4071631456 2274604732 823102202 3572167545 2701445506 1055339784 952419282 3749426866 3958778213 3718466099 472020563 3749528908 2552006268 2906346727 3517499251 3259068372 483172340 3970461163 2100101278 1109576770 4030394838 1750152669 3003786260 1882829986 204582031 2980377094 2462693638 2659917004 3145845782 1273431773 2206965645 455382383 696157500 75394410 335736223 245693425 3701160852 2748888605 3449676650 719046296 1302295270 3237030074 3721726922 1753615402 3932433544 2862309544 381545007 2742540511 1101961519 3221991108 3234641602 1165644865 3402612900 638821327 3171079380 3933904492 2568457524 2754839688 1611105671 888341136 830345184 1113489016 2687627074 1234298218 3383828173 496909911 750385999 541848120 3929481006 1024302509 2541586646 854312707 926850650 2205901337 2742113792 783727365 2104491634 2760700884 66790074 2418853502 860796553 1358878168 3516198754 1880950849 3194034444 295527586 1144435613 1080807669 2220016438 3552475732 3561198527 2847084844 357059800 1583896556 3326237463 3178212443 1016425979 3940215638 566753107 2828306040 2076488737 1659000679 483088013 2277581787 3800733815 2920000086 3096315320 2958502174 1351229584 2566702076 3065806889 337591920 2343994295 1829610040 231106189 3290633298 1816778957 3923924467 3629624396 2142305963 3708315560 670894337 2165457576 4277226920 2634823271 1140299244 2550830055 202780619 3127045310 3811689366 1879439181 1424971836 1396205276 1333502195 1430075318 4003179607 2952827191 212047347 3554893946 2291821477 2743832814 1688030447 2313635420 2470477091 3270776951 3527910770 977003941 1617561767 3157995689 1085470711 1354396783 708821248 2740933387 413451440 2184309621 1066113025 4193185427 1407536371 424662524 4084193168 3591385895 3123075919 1985682132 517527427 3150380237 2833225738 3424970121 3477513495 1479612170 3513462623 540570333 3529490149 478